0.8
0
1.70085900199115
0
2.209476405033
0
2.13682513883825
0
1.59107279497091
0
0.912214747707527
0
0.483452310677919
0
0.521983970560448
0
0.962759789439876
0
1.49806557016418
0
1.75105651629515
0
1.48851515640356
0
0.756674876079947
0
-0.134436448747141
0
-0.770566613872626
0
-0.851056516295154
0
-0.347493235508324
0
0.482377991102392
0
1.23287824889728
0
1.56597535466623
0
1.38778525229247
0
0.890978662498161
0
0.440936433828943
0
0.368285167634191
0
0.781192455477919
0
1.5
0
2.15028666733529
0
2.36433862449073
0
1.98196291938052
0
1.14164512962677
0
0.212214747707531
0
-0.398599146791151
0
-0.455777602106747
0
-0.0150017832273214
0
0.616014112695107
0
1.05105651629515
0
1.03908749105941
0
0.60181265662222
0
0.0204257707105937
0
-0.321138948528481
0
-0.151056516295154
0
0.534558221960747
0
1.46013956376958
0
2.21063982156448
0
2.4480268121353
0
2.08778525229248
0
1.34040632784231
0
0.595798653286676
0
0.213422948176459
0
0.331764790133771
0
0.799999999999998
0
1.26823520986623
0
1.38657705182354
0
1.00420134671333
0
0.259593672157701
0
-0.487785252292472
0
-0.848026812135295
0
-0.610639821564479
0
0.139860436230413
0
1.06544177803925
0
1.75105651629515
0
1.92113894852849
0
1.57957422928941
0
0.998187343377793
0
0.56091250894059
0
0.548943483704846
0
0.983985887304886
0
1.61500178322731
0
2.05577760210674
0
1.99859914679115
0
1.38778525229247
0
0.458354870373231
0
-0.381962919380524
0
-0.764338624490734
0
-0.550286667335305
0
0.0999999999999908
0
0.818807544522076
0
1.23171483236581
0
1.15906356617106
0
0.709021337501847
0
0.212214747707528
0
0.0340246453337764
0
0.367121751102715
0
1.11762200889761
0
1.94749323550832
0
2.45105651629515
0
2.37056661387263
0
1.73443644874714
0
0.843325123920062
0
0.111484843596451
0
-0.151056516295158
0
0.101934429835815
0
0.637240210560113
0
1.07801602943954
0
1.11654768932208
0
0.687785252292481
0
0.00892720502908884
0
-0.536825138838249
0
-0.609476405033002
0
-0.10085900199115
0
0.799999999999999
0
1.70085900199115
0
2.209476405033
0
2.13682513883826
0
1.59107279497092
0
0.912214747707535
0
0.483452310677921
0
0.521983970560447
0
0.962759789439869
0
1.49806557016417
0
1.75105651629515
0
1.48851515640356
0
0.756674876079959
0
-0.13443644874714
0
-0.770566613872625
0
-0.851056516295157
0
-0.347493235508323
0
0.482377991102387
0
1.23287824889728
0
1.56597535466623
0
1.38778525229249
0
0.890978662498167
0
0.440936433828951
0
0.368285167634189
0
0.781192455477914
0
1.49999999999999
0
2.15028666733528
0
2.36433862449073
0
1.98196291938053
0
1.14164512962678
0
0.212214747707529
0
-0.398599146791153
0
-0.455777602106756
0
-0.0150017832273203
0
0.616014112695101
0
1.05105651629515
0
1.03908749105941
0
0.60181265662222
0
0.020425770710601
0
-0.32113894852848
0
-0.151056516295151
0
0.534558221960745
0
1.46013956376959
0
2.21063982156448
0
2.4480268121353
0
2.08778525229249
0
1.34040632784232
0
0.595798653286688
0
0.213422948176459
0
0.331764790133764
0
0.79999999999998
0
1.26823520986621
0
1.38657705182354
0
1.00420134671334
0
0.259593672157718
0
-0.487785252292464
0
-0.848026812135294
0
-0.610639821564481
0
0.139860436230405
0
1.06544177803924
0
1.75105651629515
0
1.92113894852849
0
1.57957422928942
0
0.99818734337779
0
0.560912508940592
0
0.548943483704843
0
0.98398588730489
0
1.61500178322731
0
2.05577760210674
0
1.99859914679115
0
1.38778525229249
0
0.45835487037324
0
-0.381962919380524
0
-0.764338624490739
0
-0.550286667335304
0
0.100000000000002
0
0.818807544522069
0
1.23171483236581
0
1.15906356617107
0
0.709021337501854
0
0.212214747707553
0
0.0340246453337787
0
0.36712175110271
0
1.11762200889758
0
1.9474932355083
0
2.45105651629515
0
2.37056661387264
0
1.73443644874716
0
0.843325123920065
0
0.111484843596445
0
-0.15105651629516
0
0.101934429835811
0
0.637240210560121
0
1.07801602943954
0
1.11654768932208
0
0.687785252292472
0
0.00892720502910641
0
-0.536825138838245
0
-0.609476405033002
0
-0.100859001991161
0
0.799999999999997
0
1.70085900199116
0
2.209476405033
0
2.13682513883826
0
1.59107279497091
0
0.912214747707538
0
0.483452310677918
0
0.521983970560447
0
0.962759789439859
0
1.49806557016415
0
1.75105651629515
0
1.48851515640356
0
0.756674876079971
0
-0.13443644874712
0
-0.770566613872622
0
-0.851056516295162
0
-0.347493235508339
0
0.482377991102384
0
1.23287824889727
0
1.56597535466623
0
1.38778525229248
0
0.890978662498188
0
0.440936433828956
0
0.36828516763419
0
0.781192455477901
0
1.49999999999999
0
2.15028666733529
0
2.36433862449073
0
1.98196291938053
0
1.14164512962677
0
0.212214747707538
0
-0.398599146791156
0
-0.455777602106745
0
-0.0150017832273364
0
0.616014112695099
0
1.05105651629515
0
1.03908749105942
0
0.601812656622225
0
0.0204257707105939
0
-0.321138948528469
0
-0.151056516295167
0
0.534558221960725
0
1.46013956376957
0
2.21063982156446
0
2.4480268121353
0
2.08778525229248
0
1.34040632784234
0
0.595798653286691
0
0.213422948176461
0
0.331764790133752
0
0.799999999999978
0
1.26823520986622
0
1.38657705182354
0
1.00420134671334
0
0.259593672157705
0
-0.48778525229245
0
-0.848026812135293
0
-0.610639821564483
0
0.139860436230388
0
1.06544177803924
0
1.75105651629515
0
1.9211389485285
0
1.57957422928943
0
0.998187343377795
0
0.560912508940601
0
0.548943483704842
0
0.983985887304888
0
1.61500178322729
0
2.05577760210674
0
1.99859914679115
0
1.38778525229249
0
0.458354870373239
0
-0.381962919380525
0
-0.764338624490741
0
-0.550286667335304
0
0.0999999999999991
0
0.818807544522068
0
1.23171483236581
0
1.15906356617106
0
0.709021337501865
0
0.212214747707541
0
0.0340246453337825
0
0.367121751102715
0
1.11762200889761
0
1.94749323550833
0
2.45105651629516
0
2.37056661387263
0
1.73443644874713
0
0.843325123920034
0
0.111484843596459
0
-0.151056516295169
0
0.101934429835794
0
0.637240210560099
0
1.07801602943953
0
1.11654768932209
0
0.687785252292497
0
0.00892720502913574
0
-0.536825138838228
0
-0.609476405033005
0
-0.100859001991185
0
0.799999999999965
0
1.70085900199113
0
2.209476405033
0
2.13682513883827
0
1.59107279497094
0
0.912214747707563
0
0.483452310677925
0
0.521983970560434
0
0.962759789439833
0
1.49806557016415
0
1.75105651629514
0
1.48851515640358
0
0.756674876079979
0
-0.13443644874712
0
-0.770566613872622
0
-0.851056516295163
0
-0.34749323550834
0
0.482377991102383
0
1.23287824889727
0
1.56597535466623
0
1.38778525229248
0
0.890978662498185
0
0.440936433828953
0
0.368285167634192
0
0.7811924554779
0
1.49999999999998
0
2.15028666733529
0
2.36433862449073
0
1.98196291938052
0
1.14164512962676
0
0.212214747707547
0
-0.39859914679115
0
-0.45577760210675
0
-0.0150017832273417
0
0.616014112695095
0
1.05105651629515
0
1.03908749105942
0
0.60181265662223
0
0.0204257707105999
0
-0.321138948528473
0
-0.151056516295163
0
0.534558221960751
0
1.46013956376957
0
2.21063982156446
0
2.4480268121353
0
2.08778525229249
0
1.34040632784234
0
0.595798653286666
0
0.213422948176449
0
0.331764790133788
0
0.799999999999999
0
1.26823520986621
0
1.38657705182354
0
1.00420134671336
0
0.259593672157767
0
-0.487785252292447
0
-0.848026812135289
0
-0.610639821564519
0
0.13986043623038
0
1.06544177803921
0
1.75105651629513
0
1.92113894852849
0
1.57957422928945
0
0.998187343377847
0
0.5609125089406
0
0.548943483704832
0
0.983985887304837
0
1.61500178322729
0
2.05577760210672
0
1.99859914679117
0
1.38778525229249
0
0.458354870373275
0
-0.381962919380482
0
-0.764338624490738
0
-0.550286667335328
0
0.0999999999999393
0
0.818807544522064
0
1.2317148323658
0
1.15906356617106
0
0.709021337501862
0
0.212214747707561
0
0.0340246453337775
0
0.367121751102709
0
1.11762200889757
0
1.94749323550832
0
2.45105651629515
0
2.37056661387264
0
1.73443644874714
0
0.843325123920068
0
0.111484843596456
0
-0.151056516295157
0
0.101934429835803
0
0.637240210560085
0
1.07801602943955
0
1.11654768932208
0
0.6877852522925
0
0.00892720502908348
0
-0.536825138838242
0
-0.609476405033001
0
-0.100859001991142
0
0.799999999999995
0
1.70085900199114
0
2.20947640503301
0
2.13682513883827
0
1.59107279497094
0
0.912214747707519
0
0.483452310677919
0
0.52198397056043
0
0.962759789439882
0
1.49806557016417
0
1.75105651629514
0
1.48851515640355
0
0.756674876079944
0
-0.134436448747119
0
-0.770566613872637
0
-0.851056516295155
0
-0.347493235508338
0
0.482377991102344
0
1.23287824889725
0
1.56597535466622
0
1.38778525229251
0
0.890978662498211
0
0.440936433828959
0
0.368285167634186
0
0.781192455477878
0
1.49999999999998
0
2.15028666733527
0
2.36433862449073
0
1.98196291938054
0
1.1416451296268
0
0.212214747707578
0
-0.398599146791153
0
-0.455777602106762
0
-0.0150017832273746
0
0.616014112695095
0
1.05105651629514
0
1.03908749105943
0
0.601812656622224
0
0.0204257707106244
0
-0.321138948528466
0
-0.151056516295151
0
0.534558221960718
0
1.46013956376954
0
2.21063982156447
0
2.44802681213531
0
2.08778525229251
0
1.34040632784232
0
0.595798653286689
0
0.21342294817646
0
0.331764790133761
0
0.799999999999974
0
1.26823520986618
0
1.38657705182354
0
1.00420134671334
0
0.25959367215774
0
-0.487785252292468
0
-0.84802681213529
0
-0.610639821564503
0
0.139860436230416
0
1.06544177803923
0
1.75105651629515
0
1.92113894852849
0
1.57957422928944
0
0.998187343377826
0
0.560912508940588
0
0.54894348370484
0
0.983985887304858
0
1.61500178322731
0
2.05577760210674
0
1.99859914679115
0
1.38778525229247
0
0.458354870373237
0
-0.381962919380502
0
-0.764338624490745
0
-0.550286667335311
0
0.0999999999999648
0
0.818807544522087
0
1.23171483236581
0
1.15906356617109
0
0.709021337501841
0
0.21221474770758
0
0.0340246453337685
0
0.367121751102688
0
1.11762200889754
0
1.9474932355083
0
2.45105651629514
0
2.37056661387266
0
1.73443644874717
0
0.843325123920094
0
0.111484843596475
0
-0.151056516295171
0
0.101934429835781
0
0.637240210560068
0
1.07801602943954
0
1.11654768932209
0
0.687785252292525
0
0.00892720502911282
0
-0.53682513883822
0
-0.609476405033008
0
-0.100859001991161
0
0.799999999999958
0
1.7008590019911
0
2.209476405033
0
2.13682513883828
0
1.59107279497097
0
0.912214747707545
0
0.483452310677924
0
0.521983970560417
0
0.962759789439848
0
1.49806557016414
0
1.75105651629514
0
1.48851515640356
0
0.756674876079986
0
-0.134436448747093
0
-0.770566613872619
0
-0.851056516295165
0
-0.347493235508371
0
0.482377991102382
0
1.23287824889727
0
1.56597535466625
0
1.38778525229249
0
0.890978662498189
0
0.440936433828982
0
0.36828516763419
0
0.781192455477898
0
1.49999999999995
0
2.15028666733528
0
2.36433862449073
0
1.98196291938054
0
1.14164512962677
0
0.212214747707553
0
-0.398599146791151
0
-0.455777602106752
0
-0.0150017832273522
0
0.616014112695066
0
1.05105651629515
0
1.03908749105943
0
0.601812656622267
0
0.020425770710604
0
-0.321138948528473
0
-0.151056516295157
0
0.534558221960744
0
1.46013956376957
0
2.21063982156446
0
2.4480268121353
0
2.08778525229249
0
1.34040632784234
0
0.595798653286671
0
0.213422948176458
0
0.331764790133734
0
0.799999999999995
0
1.2682352098662
0
1.38657705182353
0
1.00420134671332
0
0.259593672157713
0
-0.487785252292443
0
-0.848026812135293
0
-0.610639821564475
0
0.139860436230389
0
1.06544177803926
0
1.75105651629516
0
1.9211389485285
0
1.57957422928942
0
0.998187343377804
0
0.560912508940609
0
0.548943483704848
0
0.983985887304873
0
1.61500178322728
0
2.05577760210675
0
1.99859914679114
0
1.38778525229244
0
0.458354870373207
0
-0.381962919380521
0
-0.764338624490745
0
-0.550286667335294
0
0.0999999999999903
0
0.818807544522107
0
1.23171483236579
0
1.1590635661711
0
0.709021337501914
0
0.21221474770761
0
0.0340246453337781
0
0.367121751102658
0
1.11762200889751
0
1.94749323550826
0
2.45105651629513
0
2.37056661387267
0
1.7344364487472
0
0.843325123920136
0
0.111484843596485
0
-0.151056516295164
0
0.101934429835749
0
0.637240210560034
0
1.07801602943953
0
1.1165476893221
0
0.687785252292551
0
0.00892720502914515
0
-0.536825138838209
0
-0.609476405033007
0
-0.100859001991199
0
0.79999999999993
0
1.70085900199108
0
2.20947640503299
0
2.1368251388383
0
1.591072794971
0
0.91221474770757
0
0.483452310677935
0
0.521983970560398
0
0.96275978943983
0
1.49806557016411
0
1.75105651629513
0
1.48851515640359
0
0.756674876080011
0
-0.134436448747054
0
-0.770566613872607
0
-0.851056516295174
0
-0.347493235508397
0
0.482377991102343
0
1.23287824889725
0
1.56597535466624
0
1.38778525229252
0
0.890978662498224
0
0.440936433828989
0
0.368285167634191
0
0.781192455477871
0
1.49999999999997
0
2.15028666733527
0
2.36433862449073
0
1.98196291938054
0
1.1416451296268
0
0.212214747707574
0
-0.398599146791141
0
-0.455777602106772
0
-0.0150017832273734
0
0.616014112695087
0
1.05105651629514
0
1.03908749105944
0
0.601812656622234
0
0.0204257707106365
0
-0.321138948528455
0
-0.151056516295165
0
0.534558221960721
0
1.46013956376953
0
2.21063982156447
0
2.4480268121353
0
2.08778525229252
0
1.34040632784232
0
0.595798653286688
0
0.213422948176453
0
0.331764790133768
0
0.79999999999996
0
1.26823520986619
0
1.38657705182353
0
1.00420134671335
0
0.259593672157743
0
-0.487785252292463
0
-0.848026812135286
0
-0.610639821564501
0
0.139860436230417
0
1.06544177803923
0
1.75105651629514
0
1.9211389485285
0
1.57957422928944
0
0.998187343377836
0
0.560912508940593
0
0.548943483704838
0
0.98398588730485
0
1.6150017832273
0
2.05577760210673
0
1.99859914679116
0
1.38778525229247
0
0.458354870373254
0
-0.381962919380505
0
-0.764338624490738
0
-0.550286667335318
0
0.0999999999999589
0
0.818807544522085
0
1.23171483236581
0
1.15906356617108
0
0.709021337501855
0
0.212214747707593
0
0.0340246453337962
0
0.367121751102721
0
1.11762200889755
0
1.94749323550829
0
2.45105651629515
0
2.37056661387266
0
1.73443644874716
0
0.843325123920039
0
0.11148484359647
0
-0.151056516295181
0
0.101934429835818
0
0.637240210560039
0
1.07801602943953
0
1.11654768932207
0
0.687785252292438
0
0.00892720502912731
0
-0.536825138838248
0
-0.609476405032995
0
-0.100859001991157
0
0.800000000000017
0
1.7008590019912
0
2.20947640503301
0
2.13682513883826
0
1.59107279497098
0
0.912214747707641
0
0.483452310677939
0
0.521983970560421
0
0.962759789439741
0
1.4980655701641
0
1.75105651629513
0
1.48851515640362
0
0.756674876080053
0
-0.13443644874708
0
-0.770566613872564
0
-0.851056516295184
0
-0.34749323550838
0
0.48237799110226
0
1.23287824889722
0
1.56597535466624
0
1.38778525229258
0
0.890978662498259
0
0.440936433828976
0
0.368285167634176
0
0.781192455477849
0
1.49999999999994
0
2.1502866673352
0
2.36433862449073
0
1.98196291938055
0
1.1416451296269
0
0.212214747707596
0
-0.398599146791139
0
-0.455777602106807
0
-0.0150017832274062
0
0.616014112695064
0
1.05105651629511
0
1.03908749105945
0
0.601812656622265
0
0.0204257707107057
0
-0.321138948528438
0
-0.15105651629517
0
0.534558221960628
0
1.4601395637695
0
2.21063982156445
0
2.44802681213532
0
2.08778525229254
0
1.34040632784235
0
0.595798653286754
0
0.213422948176447
0
0.331764790133741
0
0.799999999999887
0
1.26823520986616
0
1.38657705182354
0
1.00420134671333
0
0.259593672157779
0
-0.487785252292438
0
-0.848026812135296
0
-0.610639821564516
0
0.139860436230374
0
1.06544177803926
0
1.75105651629513
0
1.9211389485285
0
1.57957422928942
0
0.998187343377856
0
0.560912508940608
0
0.548943483704846
0
0.983985887304822
0
1.61500178322728
0
2.05577760210674
0
1.99859914679116
0
1.38778525229251
0
0.458354870373224
0
-0.381962919380472
0
-0.764338624490743
0
-0.550286667335294
0
0.0999999999999276
0
0.818807544522057
0
1.23171483236582
0
1.15906356617111
0
0.709021337501871
0
0.212214747707531
0
0.0340246453337872
0
0.367121751102708
0
1.11762200889762
0
1.94749323550827
0
2.45105651629514
0
2.37056661387262
0
1.7344364487472
0
0.843325123920065
0
0.111484843596431
0
-0.151056516295175
0
0.101934429835786
0
0.637240210560132
0
1.07801602943951
0
1.11654768932208
0
0.687785252292463
0
0.00892720502915353
0
-0.536825138838225
0
-0.609476405032993
0
-0.100859001991195
0
0.799999999999989
0
1.70085900199117
0
2.20947640503301
0
2.13682513883827
0
1.5910727949709
0
0.912214747707575
0
0.483452310677917
0
0.521983970560451
0
0.962759789439818
0
1.49806557016415
0
1.75105651629515
0
1.48851515640356
0
0.756674876079957
0
-0.134436448747171
0
-0.770566613872607
0
-0.851056516295159
0
-0.3474932355083
0
0.482377991102342
0
1.23287824889727
0
1.56597535466625
0
1.38778525229253
0
0.890978662498182
0
0.440936433828927
0
0.368285167634207
0
0.781192455477917
0
1.50000000000003
0
2.15028666733526
0
2.36433862449074
0
1.98196291938048
0
1.1416451296268
0
0.212214747707525
0
-0.398599146791159
0
-0.455777602106798
0
-0.0150017832274272
0
0.616014112695042
0
1.05105651629514
0
1.03908749105946
0
0.601812656622285
0
0.0204257707106165
0
-0.321138948528421
0
-0.151056516295176
0
0.534558221960704
0
1.46013956376946
0
2.21063982156442
0
2.44802681213531
0
2.08778525229257
0
1.34040632784238
0
0.595798653286711
0
0.213422948176442
0
0.331764790133714
0
0.799999999999966
0
1.26823520986615
0
1.38657705182355
0
1.00420134671335
0
0.259593672157809
0
-0.487785252292412
0
-0.848026812135295
0
-0.61063982156453
0
0.139860436230347
0
1.06544177803922
0
1.75105651629511
0
1.92113894852849
0
1.57957422928945
0
0.998187343377887
0
0.560912508940616
0
0.548943483704836
0
0.983985887304793
0
1.61500178322725
0
2.05577760210673
0
1.99859914679118
0
1.38778525229251
0
0.458354870373252
0
-0.381962919380455
0
-0.764338624490735
0
-0.550286667335312
0
0.0999999999998962
0
0.818807544522036
0
1.23171483236581
0
1.15906356617112
0
0.709021337501925
0
0.21221474770756
0
0.0340246453337969
0
0.367121751102678
0
1.11762200889758
0
1.94749323550824
0
2.45105651629513
0
2.37056661387264
0
1.73443644874724
0
0.843325123920091
0
0.11148484359644
0
-0.151056516295188
0
0.101934429835774
0
0.637240210560114
0
1.07801602943949
0
1.11654768932209
0
0.687785252292489
0
0.00892720502917976
0
-0.536825138838203
0
-0.609476405032992
0
-0.100859001991214
0
0.799999999999942
0
1.70085900199113
0
2.20947640503301
0
2.13682513883829
0
1.59107279497093
0
0.9122147477076
0
0.483452310677921
0
0.521983970560431
0
0.962759789439784
0
1.49806557016414
0
1.75105651629516
0
1.48851515640357
0
0.756674876079983
0
-0.134436448747133
0
-0.770566613872589
0
-0.851056516295168
0
-0.347493235508326
0
0.482377991102314
0
1.23287824889726
0
1.56597535466622
0
1.38778525229256
0
0.890978662498217
0
0.44093643382895
0
0.368285167634184
0
0.781192455477895
0
1.49999999999999
0
2.15028666733523
0
2.36433862449073
0
1.98196291938053
0
1.14164512962682
0
0.212214747707546
0
-0.398599146791157
0
-0.455777602106786
0
-0.0150017832273734
0
0.6160141126951
0
1.05105651629513
0
1.03908749105943
0
0.601812656622235
0
0.0204257707106811
0
-0.321138948528452
0
-0.151056516295146
0
0.534558221960681
0
1.46013956376957
0
2.21063982156449
0
2.44802681213531
0
2.0877852522925
0
1.34040632784229
0
0.595798653286705
0
0.213422948176444
0
0.33176479013377
0
0.79999999999993
0
1.26823520986617
0
1.38657705182352
0
1.00420134671336
0
0.259593672157726
0
-0.487785252292479
0
-0.848026812135275
0
-0.610639821564483
0
0.13986043623043
0
1.06544177803919
0
1.7510565162951
0
1.92113894852851
0
1.57957422928945
0
0.998187343377919
0
0.56091250894063
0
0.548943483704827
0
0.983985887304776
0
1.61500178322721
0
2.05577760210671
0
1.99859914679118
0
1.38778525229257
0
0.458354870373279
0
-0.381962919380439
0
-0.76433862449074
0
-0.550286667335336
0
0.0999999999998648
0
0.818807544522014
0
1.23171483236581
0
1.15906356617114
0
0.709021337501922
0
0.21221474770759
0
0.0340246453338068
0
0.367121751102665
0
1.11762200889755
0
1.9474932355082
0
2.45105651629512
0
2.37056661387265
0
1.73443644874726
0
0.843325123920149
0
0.11148484359645
0
-0.151056516295202
0
0.101934429835742
0
0.63724021056008
0
1.07801602943949
0
1.11654768932209
0
0.687785252292514
0
0.0089272050292121
0
-0.536825138838204
0
-0.609476405032991
0
-0.100859001991233
0
0.799999999999915
0
1.70085900199115
0
2.20947640503298
0
2.13682513883824
0
1.59107279497096
0
0.912214747707534
0
0.483452310677938
0
0.521983970560412
0
0.96275978943975
0
1.49806557016417
0
1.75105651629515
0
1.48851515640354
0
0.756674876080009
0
-0.134436448747129
0
-0.770566613872576
0
-0.851056516295143
0
-0.347493235508352
0
0.482377991102396
0
1.23287824889724
0
1.56597535466627
0
1.38778525229255
0
0.890978662498139
0
0.440936433828974
0
0.3682851676342150
0